10 0.0000210000 
20 0.0000015000 
30 0.0000021000 
40 0.0000030000 
50 0.0000037000 
60 0.0000053000 
70 0.0000061000 
80 0.0000068000 
90 0.0000072000 
100 0.0000086000 
110 0.0000090000 
120 0.0000105000 
130 0.0000135000 
140 0.0000131000 
150 0.0000152000 
160 0.0000167000 
170 0.0000168000 
180 0.0000172000 
190 0.0000184000 
200 0.0000197000 
210 0.0000206000 
220 0.0000217000 
230 0.0000215000 
240 0.0000253000 
250 0.0000259000 
260 0.0000264000 
270 0.0000243000 
280 0.0000298000 
290 0.0000334000 
300 0.0000305000 
310 0.0000315000 
320 0.0000320000 
330 0.0000347000 
340 0.0000357000 
350 0.0000363000 
360 0.0000368000 
370 0.0000385000 
380 0.0000407000 
390 0.0000437000 
400 0.0000444000 
410 0.0000466000 
420 0.0000449000 
430 0.0000470000 
440 0.0000489000 
450 0.0000526000 
460 0.0000497000 
470 0.0000531000 
480 0.0000550000 
490 0.0000518000 
500 0.0000553000 
510 0.0000537000 
520 0.0000665000 
530 0.0000611000 
540 0.0000600000 
550 0.0000659000 
560 0.0000687000 
570 0.0001461000 
580 0.0000623000 
590 0.0000688000 
600 0.0000691000 
610 0.0000692000 
620 0.0000755000 
630 0.0000746000 
640 0.0000783000 
650 0.0000745000 
660 0.0000798000 
670 0.0000749000 
680 0.0000858000 
690 0.0000742000 
700 0.0000784000 
710 0.0000704000 
720 0.0000870000 
730 0.0000863000 
740 0.0000849000 
750 0.0000925000 
760 0.0000836000 
770 0.0000979000 
780 0.0000959000 
790 0.0000997000 
800 0.0000994000 
810 0.0000972000 
820 0.0000970000 
830 0.0000993000 
840 0.0001111000 
850 0.0001127000 
860 0.0001065000 
870 0.0001215000 
880 0.0001054000 
890 0.0001081000 
900 0.0001169000 
910 0.0001184000 
920 0.0001101000 
930 0.0001145000 
940 0.0001227000 
950 0.0001262000 
960 0.0001263000 
970 0.0001236000 
980 0.0001197000 
990 0.0001343000 
1000 0.0001347000 
1010 0.0001265000 
1020 0.0001256000 
1030 0.0001301000 
1040 0.0001336000 
1050 0.0001365000 
1060 0.0001322000 
1070 0.0001285000 
1080 0.0001458000 
1090 0.0001198000 
1100 0.0001281000 
1110 0.0001392000 
1120 0.0001811000 
1130 0.0001502000 
1140 0.0001534000 
1150 0.0001700000 
1160 0.0001430000 
1170 0.0001378000 
1180 0.0001425000 
1190 0.0001527000 
1200 0.0001452000 
1210 0.0001350000 
1220 0.0001386000 
1230 0.0001446000 
1240 0.0001437000 
1250 0.0001433000 
1260 0.0001471000 
1270 0.0001598000 
1280 0.0001586000 
1290 0.0001704000 
1300 0.0002291000 
1310 0.0001706000 
1320 0.0001766000 
1330 0.0001788000 
1340 0.0001688000 
1350 0.0001822000 
1360 0.0001789000 
1370 0.0001764000 
1380 0.0001835000 
1390 0.0001858000 
1400 0.0002214000 
1410 0.0001941000 
1420 0.0002045000 
1430 0.0001900000 
1440 0.0002081000 
1450 0.0002043000 
1460 0.0001940000 
1470 0.0001855000 
1480 0.0001714000 
1490 0.0001901000 
1500 0.0001903000 
1510 0.0001936000 
1520 0.0001814000 
1530 0.0001786000 
1540 0.0001876000 
1550 0.0003053000 
1560 0.0001847000 
1570 0.0002077000 
1580 0.0002159000 
1590 0.0001875000 
1600 0.0002018000 
1610 0.0002599000 
1620 0.0002011000 
1630 0.0002015000 
1640 0.0002021000 
1650 0.0002097000 
1660 0.0002173000 
1670 0.0002237000 
1680 0.0002119000 
1690 0.0002212000 
1700 0.0002260000 
1710 0.0002268000 
1720 0.0002275000 
1730 0.0002211000 
1740 0.0002203000 
1750 0.0002244000 
1760 0.0002388000 
1770 0.0002315000 
1780 0.0002329000 
1790 0.0002201000 
1800 0.0002202000 
1810 0.0002179000 
1820 0.0002176000 
1830 0.0002180000 
1840 0.0002449000 
1850 0.0002466000 
1860 0.0002463000 
1870 0.0002283000 
1880 0.0002392000 
1890 0.0002610000 
1900 0.0002654000 
1910 0.0002700000 
1920 0.0002763000 
1930 0.0002587000 
1940 0.0002725000 
1950 0.0002718000 
1960 0.0002766000 
1970 0.0002571000 
1980 0.0002584000 
1990 0.0002411000 
2000 0.0002665000 
2010 0.0002484000 
2020 0.0003725000 
2030 0.0002567000 
2040 0.0002636000 
2050 0.0002597000 
2060 0.0002849000 
2070 0.0002970000 
2080 0.0002616000 
2090 0.0002950000 
2100 0.0002845000 
2110 0.0004026000 
2120 0.0002875000 
2130 0.0002776000 
2140 0.0002773000 
2150 0.0003023000 
2160 0.0002996000 
2170 0.0002871000 
2180 0.0002928000 
2190 0.0002952000 
2200 0.0003014000 
2210 0.0002949000 
2220 0.0002919000 
2230 0.0002874000 
2240 0.0002915000 
2250 0.0002850000 
2260 0.0003224000 
2270 0.0003232000 
2280 0.0002919000 
2290 0.0002839000 
2300 0.0002992000 
2310 0.0004411000 
2320 0.0002966000 
2330 0.0003678000 
2340 0.0003271000 
2350 0.0003023000 
2360 0.0003146000 
2370 0.0003066000 
2380 0.0003399000 
2390 0.0003462000 
2400 0.0003482000 
2410 0.0003638000 
2420 0.0003432000 
2430 0.0004157000 
2440 0.0003198000 
2450 0.0003423000 
2460 0.0003071000 
2470 0.0003286000 
2480 0.0004561000 
2490 0.0003426000 
2500 0.0003060000 
2510 0.0004422000 
2520 0.0003206000 
2530 0.0003415000 
2540 0.0003374000 
2550 0.0003549000 
2560 0.0003625000 
2570 0.0003595000 
2580 0.0003587000 
2590 0.0003768000 
2600 0.0003729000 
2610 0.0003718000 
2620 0.0003657000 
2630 0.0003746000 
2640 0.0003798000 
2650 0.0003903000 
2660 0.0003742000 
2670 0.0003714000 
2680 0.0003884000 
2690 0.0003907000 
2700 0.0003970000 
2710 0.0003753000 
2720 0.0003893000 
2730 0.0004103000 
2740 0.0004123000 
2750 0.0004027000 
2760 0.0004212000 
2770 0.0005066000 
2780 0.0004203000 
2790 0.0003623000 
2800 0.0004337000 
2810 0.0003810000 
2820 0.0004749000 
2830 0.0003110000 
2840 0.0003064000 
2850 0.0003100000 
2860 0.0003130000 
2870 0.0003114000 
2880 0.0003760000 
2890 0.0003880000 
2900 0.0003067000 
2910 0.0003168000 
2920 0.0003158000 
2930 0.0003225000 
2940 0.0003116000 
2950 0.0003171000 
2960 0.0003237000 
2970 0.0003160000 
2980 0.0003283000 
2990 0.0003573000 
3000 0.0003510000 
3010 0.0003325000 
3020 0.0003336000 
3030 0.0003252000 
3040 0.0003291000 
3050 0.0003390000 
3060 0.0003381000 
3070 0.0003344000 
3080 0.0003483000 
3090 0.0003412000 
3100 0.0003438000 
3110 0.0003419000 
3120 0.0003448000 
3130 0.0003471000 
3140 0.0003628000 
3150 0.0004791000 
3160 0.0004581000 
3170 0.0004385000 
3180 0.0004363000 
3190 0.0004681000 
3200 0.0004359000 
3210 0.0004607000 
3220 0.0004642000 
3230 0.0004571000 
3240 0.0004723000 
3250 0.0004650000 
3260 0.0004635000 
3270 0.0004699000 
3280 0.0004609000 
3290 0.0004592000 
3300 0.0004775000 
3310 0.0004743000 
3320 0.0004539000 
3330 0.0004769000 
3340 0.0005192000 
3350 0.0004706000 
3360 0.0003693000 
3370 0.0003737000 
3380 0.0003792000 
3390 0.0004578000 
3400 0.0004806000 
3410 0.0005061000 
3420 0.0004780000 
3430 0.0004546000 
3440 0.0004339000 
3450 0.0003825000 
3460 0.0004298000 
3470 0.0005112000 
3480 0.0004811000 
3490 0.0003845000 
3500 0.0003890000 
3510 0.0003899000 
3520 0.0003985000 
3530 0.0003933000 
3540 0.0004034000 
3550 0.0003969000 
3560 0.0003915000 
3570 0.0003970000 
3580 0.0004166000 
3590 0.0004051000 
3600 0.0004020000 
3610 0.0004136000 
3620 0.0004724000 
3630 0.0004245000 
3640 0.0004793000 
3650 0.0004794000 
3660 0.0004647000 
3670 0.0004078000 
3680 0.0004168000 
3690 0.0004169000 
3700 0.0004085000 
3710 0.0004295000 
3720 0.0004111000 
3730 0.0004316000 
3740 0.0004151000 
3750 0.0004152000 
3760 0.0005305000 
3770 0.0006396000 
3780 0.0006346000 
3790 0.0005724000 
3800 0.0006409000 
3810 0.0005978000 
3820 0.0005700000 
3830 0.0005820000 
3840 0.0006132000 
3850 0.0006059000 
3860 0.0005940000 
3870 0.0006122000 
3880 0.0006176000 
3890 0.0006181000 
3900 0.0006559000 
3910 0.0005938000 
3920 0.0006274000 
3930 0.0006001000 
3940 0.0006357000 
3950 0.0004470000 
3960 0.0004463000 
3970 0.0005574000 
3980 0.0006409000 
3990 0.0006886000 
4000 0.0006389000 
4010 0.0005307000 
4020 0.0004611000 
4030 0.0004485000 
4040 0.0004642000 
4050 0.0004583000 
4060 0.0004518000 
4070 0.0004714000 
4080 0.0004591000 
4090 0.0004617000 
4100 0.0004539000 
4110 0.0004715000 
4120 0.0004692000 
4130 0.0004668000 
4140 0.0004652000 
4150 0.0004791000 
4160 0.0004853000 
4170 0.0004687000 
4180 0.0004704000 
4190 0.0004677000 
4200 0.0004897000 
4210 0.0004702000 
4220 0.0005671000 
4230 0.0005171000 
4240 0.0004917000 
4250 0.0004720000 
4260 0.0004912000 
4270 0.0004839000 
4280 0.0004886000 
4290 0.0004849000 
4300 0.0004959000 
4310 0.0004847000 
4320 0.0004885000 
4330 0.0005009000 
4340 0.0004936000 
4350 0.0004892000 
4360 0.0005049000 
4370 0.0004913000 
4380 0.0004994000 
4390 0.0005066000 
4400 0.0005029000 
4410 0.0004983000 
4420 0.0005094000 
4430 0.0005070000 
4440 0.0005149000 
4450 0.0005049000 
4460 0.0005039000 
4470 0.0005170000 
4480 0.0005186000 
4490 0.0007110000 
4500 0.0006847000 
4510 0.0007223000 
4520 0.0007854000 
4530 0.0008141000 
4540 0.0007300000 
4550 0.0007080000 
4560 0.0006794000 
4570 0.0007199000 
4580 0.0007126000 
4590 0.0007051000 
4600 0.0007199000 
4610 0.0007854000 
4620 0.0007281000 
4630 0.0007596000 
4640 0.0007342000 
4650 0.0007224000 
4660 0.0005314000 
4670 0.0005327000 
4680 0.0005281000 
4690 0.0005325000 
4700 0.0005341000 
4710 0.0005418000 
4720 0.0005374000 
4730 0.0005384000 
4740 0.0005615000 
4750 0.0005512000 
4760 0.0005532000 
4770 0.0005450000 
4780 0.0005434000 
4790 0.0005535000 
4800 0.0005496000 
4810 0.0005682000 
4820 0.0005704000 
4830 0.0005574000 
4840 0.0005413000 
4850 0.0005796000 
4860 0.0005584000 
4870 0.0005873000 
4880 0.0005539000 
4890 0.0005949000 
4900 0.0007651000 
4910 0.0007660000 
4920 0.0007827000 
4930 0.0007702000 
4940 0.0007593000 
4950 0.0007545000 
4960 0.0007661000 
4970 0.0007602000 
4980 0.0007644000 
4990 0.0007787000 
5000 0.0008027000 
5010 0.0008095000 
5020 0.0007908000 
5030 0.0007826000 
5040 0.0007816000 
5050 0.0008063000 
5060 0.0007775000 
5070 0.0007775000 
5080 0.0007945000 
5090 0.0007830000 
5100 0.0007783000 
5110 0.0007791000 
5120 0.0008074000 
5130 0.0008109000 
5140 0.0007808000 
5150 0.0008063000 
5160 0.0008052000 
5170 0.0007963000 
5180 0.0007968000 
5190 0.0007962000 
5200 0.0006004000 
5210 0.0006512000 
5220 0.0006483000 
5230 0.0006126000 
5240 0.0006343000 
5250 0.0005985000 
5260 0.0006044000 
5270 0.0006230000 
5280 0.0006250000 
5290 0.0006192000 
5300 0.0006170000 
5310 0.0006130000 
5320 0.0006176000 
5330 0.0006114000 
5340 0.0006537000 
5350 0.0006319000 
5360 0.0006201000 
5370 0.0006274000 
5380 0.0006299000 
5390 0.0006183000 
5400 0.0006422000 
5410 0.0007084000 
5420 0.0008562000 
5430 0.0008818000 
5440 0.0008780000 
5450 0.0008862000 
5460 0.0008824000 
5470 0.0009139000 
5480 0.0008564000 
5490 0.0009320000 
5500 0.0009014000 
5510 0.0009099000 
5520 0.0008987000 
5530 0.0009227000 
5540 0.0009387000 
5550 0.0008839000 
5560 0.0008868000 
5570 0.0008908000 
5580 0.0009329000 
5590 0.0009052000 
5600 0.0008985000 
5610 0.0008978000 
5620 0.0009009000 
5630 0.0009233000 
5640 0.0009089000 
5650 0.0009201000 
5660 0.0009194000 
5670 0.0009659000 
5680 0.0009130000 
5690 0.0006759000 
5700 0.0006810000 
5710 0.0006762000 
5720 0.0006599000 
5730 0.0006783000 
5740 0.0006707000 
5750 0.0006822000 
5760 0.0006672000 
5770 0.0006745000 
5780 0.0006832000 
5790 0.0006843000 
5800 0.0006855000 
5810 0.0006739000 
5820 0.0006853000 
5830 0.0006760000 
5840 0.0006710000 
5850 0.0006745000 
5860 0.0006998000 
5870 0.0006925000 
5880 0.0007857000 
5890 0.0006907000 
5900 0.0006975000 
5910 0.0007067000 
5920 0.0006948000 
5930 0.0006963000 
5940 0.0007044000 
5950 0.0007003000 
5960 0.0007071000 
5970 0.0006939000 
5980 0.0007373000 
5990 0.0007030000 
6000 0.0007185000 
6010 0.0007052000 
6020 0.0007050000 
6030 0.0007122000 
6040 0.0007285000 
6050 0.0007260000 
6060 0.0008452000 
6070 0.0009694000 
6080 0.0009906000 
6090 0.0009529000 
6100 0.0009687000 
6110 0.0009625000 
6120 0.0010412000 
6130 0.0010476000 
6140 0.0010984000 
6150 0.0010490000 
6160 0.0010479000 
6170 0.0011621000 
6180 0.0008211000 
6190 0.0007469000 
6200 0.0007489000 
6210 0.0007784000 
6220 0.0007527000 
6230 0.0007693000 
6240 0.0008018000 
6250 0.0007464000 
6260 0.0007551000 
6270 0.0007692000 
6280 0.0007907000 
6290 0.0007467000 
6300 0.0007504000 
6310 0.0007677000 
6320 0.0007716000 
6330 0.0007656000 
6340 0.0007778000 
6350 0.0008454000 
6360 0.0007684000 
6370 0.0007612000 
6380 0.0007614000 
6390 0.0007912000 
6400 0.0007815000 
6410 0.0007670000 
6420 0.0007918000 
6430 0.0007484000 
6440 0.0007744000 
6450 0.0007536000 
6460 0.0008064000 
6470 0.0007826000 
6480 0.0007868000 
6490 0.0007725000 
6500 0.0007799000 
6510 0.0007834000 
6520 0.0008443000 
6530 0.0007959000 
6540 0.0008236000 
6550 0.0007999000 
6560 0.0007705000 
6570 0.0007738000 
6580 0.0007917000 
6590 0.0007851000 
6600 0.0008148000 
6610 0.0008211000 
6620 0.0008250000 
6630 0.0008391000 
6640 0.0007932000 
6650 0.0007915000 
6660 0.0008001000 
6670 0.0008113000 
6680 0.0008532000 
6690 0.0009650000 
6700 0.0012259000 
6710 0.0013662000 
6720 0.0010749000 
6730 0.0011875000 
6740 0.0013222000 
6750 0.0011223000 
6760 0.0013174000 
6770 0.0011010000 
6780 0.0012281000 
6790 0.0011196000 
6800 0.0014105000 
6810 0.0008044000 
6820 0.0008272000 
6830 0.0008202000 
6840 0.0008139000 
6850 0.0008324000 
6860 0.0008240000 
6870 0.0008453000 
6880 0.0008642000 
6890 0.0008415000 
6900 0.0008529000 
6910 0.0008491000 
6920 0.0008433000 
6930 0.0008326000 
6940 0.0008449000 
6950 0.0008391000 
6960 0.0008983000 
6970 0.0010044000 
6980 0.0008605000 
6990 0.0008606000 
7000 0.0008692000 
7010 0.0008440000 
7020 0.0008503000 
7030 0.0008285000 
7040 0.0008401000 
7050 0.0008593000 
7060 0.0008383000 
7070 0.0008804000 
7080 0.0008517000 
7090 0.0008679000 
7100 0.0008665000 
7110 0.0008595000 
7120 0.0008953000 
7130 0.0008703000 
7140 0.0008633000 
7150 0.0008806000 
7160 0.0008878000 
7170 0.0008759000 
7180 0.0008751000 
7190 0.0008878000 
7200 0.0008806000 
7210 0.0008791000 
7220 0.0009142000 
7230 0.0008886000 
7240 0.0008823000 
7250 0.0008919000 
7260 0.0013248000 
7270 0.0011784000 
7280 0.0014204000 
7290 0.0013268000 
7300 0.0011730000 
7310 0.0012151000 
7320 0.0011919000 
7330 0.0011978000 
7340 0.0013350000 
7350 0.0012429000 
7360 0.0012605000 
7370 0.0009181000 
7380 0.0008970000 
7390 0.0008976000 
7400 0.0008912000 
7410 0.0008849000 
7420 0.0008810000 
7430 0.0008998000 
7440 0.0008992000 
7450 0.0009043000 
7460 0.0008993000 
7470 0.0009067000 
7480 0.0009151000 
7490 0.0008974000 
7500 0.0008940000 
7510 0.0009819000 
7520 0.0009292000 
7530 0.0009048000 
7540 0.0009455000 
7550 0.0009085000 
7560 0.0008943000 
7570 0.0009067000 
7580 0.0008967000 
7590 0.0009297000 
7600 0.0009127000 
7610 0.0009380000 
7620 0.0009355000 
7630 0.0009507000 
7640 0.0009395000 
7650 0.0010492000 
7660 0.0009407000 
7670 0.0009252000 
7680 0.0009271000 
7690 0.0009325000 
7700 0.0010257000 
7710 0.0009553000 
7720 0.0009325000 
7730 0.0010063000 
7740 0.0009499000 
7750 0.0009446000 
7760 0.0009458000 
7770 0.0009686000 
7780 0.0009536000 
7790 0.0010593000 
7800 0.0009549000 
7810 0.0009491000 
7820 0.0009518000 
7830 0.0009621000 
7840 0.0009499000 
7850 0.0009673000 
7860 0.0009675000 
7870 0.0010047000 
7880 0.0009635000 
7890 0.0009770000 
7900 0.0009452000 
7910 0.0009861000 
7920 0.0010442000 
7930 0.0013262000 
7940 0.0009870000 
7950 0.0009930000 
7960 0.0009652000 
7970 0.0009543000 
7980 0.0009520000 
7990 0.0009615000 
8000 0.0009853000 
8010 0.0010209000 
8020 0.0009790000 
8030 0.0010496000 
8040 0.0009719000 
8050 0.0009686000 
8060 0.0010649000 
8070 0.0010432000 
8080 0.0009839000 
8090 0.0009823000 
8100 0.0010081000 
8110 0.0010126000 
8120 0.0009689000 
8130 0.0010082000 
8140 0.0010354000 
8150 0.0010448000 
8160 0.0010007000 
8170 0.0009944000 
8180 0.0010162000 
8190 0.0010825000 
8200 0.0010147000 
8210 0.0010244000 
8220 0.0010461000 
8230 0.0010199000 
8240 0.0009890000 
8250 0.0009945000 
8260 0.0010057000 
8270 0.0010013000 
8280 0.0009979000 
8290 0.0010729000 
8300 0.0010277000 
8310 0.0009942000 
8320 0.0011666000 
8330 0.0010316000 
8340 0.0009997000 
8350 0.0010244000 
8360 0.0009997000 
8370 0.0010711000 
8380 0.0010050000 
8390 0.0010228000 
8400 0.0010660000 
8410 0.0010244000 
8420 0.0010186000 
8430 0.0010457000 
8440 0.0010749000 
8450 0.0010404000 
8460 0.0010233000 
8470 0.0010487000 
8480 0.0010184000 
8490 0.0010831000 
8500 0.0010499000 
8510 0.0010431000 
8520 0.0011011000 
8530 0.0010798000 
8540 0.0010780000 
8550 0.0010386000 
8560 0.0010687000 
8570 0.0012391000 
8580 0.0010788000 
8590 0.0010658000 
8600 0.0010488000 
8610 0.0010437000 
8620 0.0010823000 
8630 0.0011262000 
8640 0.0010984000 
8650 0.0011054000 
8660 0.0011156000 
8670 0.0010954000 
8680 0.0010913000 
8690 0.0010993000 
8700 0.0011955000 
8710 0.0011160000 
8720 0.0011227000 
8730 0.0010834000 
8740 0.0010625000 
8750 0.0010789000 
8760 0.0013793000 
8770 0.0014958000 
8780 0.0015012000 
8790 0.0014979000 
8800 0.0014004000 
8810 0.0016673000 
8820 0.0015361000 
8830 0.0015156000 
8840 0.0016734000 
8850 0.0018109000 
8860 0.0015764000 
8870 0.0014717000 
8880 0.0011088000 
8890 0.0010790000 
8900 0.0011005000 
8910 0.0010910000 
8920 0.0010995000 
8930 0.0011018000 
8940 0.0011116000 
8950 0.0010912000 
8960 0.0011046000 
8970 0.0011121000 
8980 0.0010810000 
8990 0.0013047000 
9000 0.0015829000 
9010 0.0015709000 
9020 0.0016079000 
9030 0.0016072000 
9040 0.0015563000 
9050 0.0016201000 
9060 0.0016416000 
9070 0.0015271000 
9080 0.0015027000 
9090 0.0016272000 
9100 0.0015480000 
9110 0.0015134000 
9120 0.0014291000 
9130 0.0014041000 
9140 0.0014195000 
9150 0.0014716000 
9160 0.0014266000 
9170 0.0014537000 
9180 0.0014827000 
9190 0.0014404000 
9200 0.0014284000 
9210 0.0014448000 
9220 0.0014481000 
9230 0.0014734000 
9240 0.0014938000 
9250 0.0014639000 
9260 0.0014940000 
9270 0.0014791000 
9280 0.0014351000 
9290 0.0012581000 
9300 0.0015368000 
9310 0.0013843000 
9320 0.0012232000 
9330 0.0012201000 
9340 0.0011467000 
9350 0.0014475000 
9360 0.0014260000 
9370 0.0011616000 
9380 0.0011444000 
9390 0.0011849000 
9400 0.0011660000 
9410 0.0011608000 
9420 0.0011597000 
9430 0.0012213000 
9440 0.0012545000 
9450 0.0012091000 
9460 0.0014741000 
9470 0.0015778000 
9480 0.0018147000 
9490 0.0017086000 
9500 0.0017233000 
9510 0.0017135000 
9520 0.0016945000 
9530 0.0017035000 
9540 0.0016827000 
9550 0.0017056000 
9560 0.0016141000 
9570 0.0016699000 
9580 0.0016860000 
9590 0.0015814000 
9600 0.0012211000 
9610 0.0016748000 
9620 0.0016552000 
9630 0.0016414000 
9640 0.0016013000 
9650 0.0017388000 
9660 0.0017724000 
9670 0.0016346000 
9680 0.0018109000 
9690 0.0017170000 
9700 0.0016506000 
9710 0.0017254000 
9720 0.0017753000 
9730 0.0018092000 
9740 0.0018498000 
9750 0.0017206000 
9760 0.0017173000 
9770 0.0016652000 
9780 0.0018328000 
9790 0.0016283000 
9800 0.0017168000 
9810 0.0017783000 
9820 0.0016577000 
9830 0.0013815000 
9840 0.0012187000 
9850 0.0012326000 
9860 0.0012276000 
9870 0.0012764000 
9880 0.0012362000 
9890 0.0012739000 
9900 0.0012311000 
9910 0.0012300000 
9920 0.0016097000 
9930 0.0015580000 
9940 0.0015531000 
9950 0.0016459000 
9960 0.0015778000 
9970 0.0016279000 
9980 0.0016280000 
9990 0.0015971000 
10000 0.0015194000 
